1 0.0 0.0 4.784884627191768 0.0 -4.784884627191768 0.0 0.5957173024714628 0.0 -0.5957173024714628
2 0.050505050505050504 -0.13550857105046682 4.782869428575557 -0.13550857105046682 -4.782869428575557 -0.025197515582839294 0.595196123044837 -0.025197515582839294 -0.595196123044837
3 0.10101010101010101 -0.2710114846192093 4.7768185212539676 -0.2710114846192093 -4.7768185212539676 -0.05040068864740399 0.5936294311261082 -0.05040068864740399 -0.5936294311261082
4 0.15151515151515152 -0.4065030266467158 4.766715900282306 -0.4065030266467158 -4.766715900282306 -0.07561523325320288 0.5910076757574056 -0.07561523325320288 -0.5910076757574056
5 0.20202020202020202 -0.5419773686583996 4.752534653478624 -0.5419773686583996 -4.752534653478624 -0.1008469778748247 0.5873146326279038 -0.1008469778748247 -0.5873146326279038
6 0.25252525252525254 -0.6774285073577104 4.734236597732004 -0.6774285073577104 -4.734236597732004 -0.12610192580882063 0.5825269236126481 -0.12610192580882063 -0.5825269236126481
7 0.30303030303030304 -0.8128502002352074 4.711771753821143 -0.8128502002352074 -4.711771753821143 -0.15138631956462834 0.5766132986748804 -0.15138631956462834 -0.5766132986748804
8 0.35353535353535354 -0.948235895614107 4.68507764263493 -0.948235895614107 -4.68507764263493 -0.17670671081903674 0.5695336279110711 -0.17670671081903674 -0.5695336279110711
9 0.40404040404040403 -1.083578655316231 4.65407837912225 -1.083578655316231 -4.65407837912225 -0.20207003775021845 0.5612375254015272 -0.20207003775021845 -0.5612375254015272
10 0.45454545454545453 -1.218871067807873 4.618683532266732 -1.218871067807873 -4.618683532266732 -0.22748371189188224 0.5516624888483309 -0.22748371189188224 -0.5516624888483309
11 0.5050505050505051 -1.3541051492493845 4.578786709287508 -1.3541051492493845 -4.578786709287508 -0.2529557170836768 0.5407313824272008 -0.2529557170836768 -0.5407313824272008
12 0.5555555555555556 -1.4892722292929936 4.534263809297648 -1.4892722292929936 -4.534263809297648 -0.2784947236733739 0.5283490023592615 -0.2784947236733739 -0.5283490023592615
13 0.6060606060606061 -1.6243628177041416 4.484970874670787 -1.6243628177041416 -4.484970874670787 -0.30411022189553005 0.5143973232074317 -0.30411022189553005 -0.5143973232074317
14 0.6565656565656566 -1.7593664468583297 4.430741445754541 -1.7593664468583297 -4.430741445754541 -0.32981267937465186 0.4987287866289582 -0.32981267937465186 -0.4987287866289582
15 0.7070707070707071 -1.8942714837961918 4.371383293976178 -1.8942714837961918 -4.371383293976178 -0.35561372907009264 0.4811565832565603 -0.35561372907009264 -0.4811565832565603
16 0.7575757575757576 -2.029064903673693 4.3066743663377975 -2.029064903673693 -4.3066743663377975 -0.38152639582589887 0.46144012856201017 -0.38152639582589887 -0.46144012856201017
17 0.8080808080808081 -2.163732013931366 4.236357715568267 -2.163732013931366 -4.236357715568267 -0.4075653722015345 0.4392624870727846 -0.4075653722015345 -0.4392624870727846
18 0.8585858585858586 -2.298256115048548 4.160135106766065 -2.298256115048548 -4.160135106766065 -0.43374735771765593 0.4141935133997663 -0.43374735771765593 -0.4141935133997663
19 0.9090909090909091 -2.4326180789286243 4.0776588706606 -2.4326180789286243 -4.0776588706606 -0.4600914804708879 0.3856257742050024 -0.4600914804708879 -0.3856257742050024
20 0.9595959595959596 -2.566795819149474 3.988521395484033 -2.566795819149474 -3.988521395484033 -0.4866198268833408 0.35265354722977377 -0.4866198268833408 -0.35265354722977377
21 1.0101010101010102 -2.7007636175354044 3.8922413807286396 -2.7007636175354044 -3.8922413807286396 -0.513358115130724 0.31381672128666116 -0.513358115130724 -0.31381672128666116
22 1.0606060606060606 -2.834491257226523 3.788245560676558 -2.834491257226523 -3.788245560676558 -0.5403365620729079 0.266458850026737 -0.5403365620729079 -0.266458850026737
23 1.1111111111111112 -2.967942891164041 3.6758439455663408 -2.967942891164041 -3.6758439455663408 -0.5675910147686973 0.2045858237353115 -0.5675910147686973 -0.2045858237353115
24 1.1616161616161615 -3.1010755425813548 3.5541955462469113 -3.1010755425813548 -3.5541955462469113 -0.595164449984684 0.10471213736021621 -0.595164449984684 -0.10471213736021621
25 1.2121212121212122 -3.233837083737351 3.4222597095814837 -3.233837083737351 -3.4222597095814837 -0.47555776105277175 0.0 -0.7706602298712237 0.0
26 1.2626262626262625 -3.3661634585523244 3.278724934791544 -3.3661634585523244 -3.278724934791544 -0.41384256595056795 0.0 -0.8891348486101023 0.0
27 1.3131313131313131 -3.4979747818551203 3.1219009809202865 -3.4979747818551203 -3.1219009809202865 -0.3749286664790424 0.0 -0.9858382747426415 0.0
28 1.3636363636363635 -3.629169720719597 2.9495481186041945 -3.629169720719597 -2.9495481186041945 -0.34595933636092857 0.0 -1.0738299003984113 0.0
29 1.4141414141414141 -3.7596171588352476 2.7585920318664665 -3.7596171588352476 -2.7585920318664665 -0.32281643481131406 0.0 -1.1574900989833359 0.0
30 1.4646464646464645 -3.889143389326848 2.5446140793901746 -3.889143389326848 -2.5446140793901746 -0.30356604829989964 0.0 -1.2391001977781668 0.0
31 1.5151515151515151 -4.017511587347375 2.300853303701638 -4.017511587347375 -2.300853303701638 -0.2871226478268046 0.0 -1.3202193754768166 0.0
32 1.5656565656565655 -4.144387146358523 2.0159873190404567 -4.144387146358523 -2.0159873190404567 -0.27280819993624533 0.0 -1.4021948786116911 0.0
33 1.6161616161616161 -4.269275138886058 1.6681374808885967 -4.269275138886058 -1.6681374808885967 -0.2601676152890322 0.0 -1.4864716514704583 0.0
34 1.6666666666666667 -4.391397228443385 1.201843665261325 -4.391397228443385 -1.201843665261325 -0.2488791530634793 0.0 -1.574928107847946 0.0
35 1.7171717171717171 -4.5094184211875366 0.2030540953934243 -4.5094184211875366 -0.2030540953934243 -0.2387062100779643 0.0 -1.6704708386117835 0.0
36 1.7676767676767677 -5.8217374159701505 0.0 -0.229469326209864 0.0 -1.7785152258504122 0.0 -3.419704096301015 0.0
37 1.8181818181818181 -6.463367805281522 0.0 -0.22102894339655535 0.0 -1.9122716468509453 0.0 -2.9741698420690112 0.0
38 1.8686868686868687 -6.992256444751632 0.0 -0.21327427697907714 0.0 -2.1361077347661865 0.0 -2.550611954367761 0.0
39 1.9191919191919191 -7.464767334824589 0.0 -0.20611585132452853 0.0 -2.2713896989910776 0.34862583417211307 -2.2713896989910776 -0.34862583417211307
40 1.9696969696969697 -7.902227508955765 0.0 -0.19948033043127353 0.0 -2.216683459005421 0.49057388391726503 -2.216683459005421 -0.49057388391726503
41 2.0202020202020203 -8.315400255149035 0.0 -0.1933068395825369 0.0 -2.173889917966461 0.5734760301751052 -2.173889917966461 -0.5734760301751052
42 2.0707070707070705 -8.710593446620733 0.0 -0.1875442864096974 0.0 -2.1398806854503376 0.6281093380049956 -2.1398806854503376 -0.6281093380049956
43 2.121212121212121 -9.09186663013572 0.0 -0.18214937006380374 0.0 -2.112647638499098 0.6655001785110444 -2.112647638499098 -0.6655001785110444
44 2.1717171717171717 -9.462006870017747 0.0 -0.17708507536587895 0.0 -2.0908157525403497 0.6910543391875154 -2.0908157525403497 -0.6910543391875154
45 2.2222222222222223 -9.823020678959745 0.0 -0.17231951586484343 0.0 -2.073397714453182 0.7078493797414487 -2.073397714453182 -0.7078493797414487
46 2.2727272727272725 -10.176406226159592 0.0 -0.16782503251940525 0.0 -2.059658269159282 0.7177990591881456 -2.059658269159282 -0.7177990591881456
47 2.323232323232323 -10.523314890630422 0.0 -0.16357748272612027 0.0 -2.0490337984538134 0.7221619795557587 -2.0490337984538134 -0.7221619795557587
48 2.3737373737373737 -10.864652536501692 0.0 -0.15955567316676367 0.0 -2.0410819669311566 0.7217949151763665 -2.0410819669311566 -0.7217949151763665
49 2.4242424242424243 -11.20114585978994 0.0 -0.15574090276051428 0.0 -2.0354487771234746 0.7172906102190818 -2.0354487771234746 -0.7172906102190818
50 2.474747474747475 -11.533387457586558 0.0 -0.15211659092254887 0.0 -2.031846220777447 0.7090572575151189 -2.031846220777447 -0.7090572575151189
51 2.525252525252525 -11.861867387898808 0.0 -0.14866797263943254 0.0 -2.030036651396192 0.6973657789262863 -2.030036651396192 -0.6973657789262863
52 2.5757575757575757 -12.186995848198283 0.0 -0.14538184640323645 0.0 -2.0298215709978624 0.6823777138541094 -2.0298215709978624 -0.6823777138541094
53 2.6262626262626263 -12.509119838896423 0.0 -0.14224636434699053 0.0 -2.0310334033102184 0.664160142058306 -2.0310334033102184 -0.664160142058306
54 2.676767676767677 -12.828535646805582 0.0 -0.139250856358286 0.0 -2.0335293399832928 0.6426905694668222 -2.0335293399832928 -0.6426905694668222
55 2.727272727272727 -13.145498357804064 0.0 -0.1363856817648902 0.0 -2.0371866584140577 0.6178523122191087 -2.0371866584140577 -0.6178523122191087
56 2.7777777777777777 -13.460229215890607 0.0 -0.13364210355656342 0.0 -2.041899105108267 0.5894185669802523 -2.041899105108267 -0.5894185669802523
57 2.8282828282828283 -13.77292139333257 0.0 -0.1310121811517182 0.0 -2.0475740642230087 0.5570199342574 -2.0475740642230087 -0.5570199342574
58 2.878787878787879 -14.083744569961757 0.0 -0.12848867852063098 0.0 -2.0541303138572653 0.520083545135489 -2.0541303138572653 -0.520083545135489
59 2.929292929292929 -14.39284860723681 0.0 -0.12606498510006162 0.0 -2.0614962285633256 0.4777166058969411 -2.0614962285633256 -0.4777166058969411
60 2.9797979797979797 -14.700366525327764 0.0 -0.12373504742142695 0.0 -2.069608324990469 0.4284656148570788 -2.069608324990469 -0.4284656148570788
61 3.0303030303030303 -15.006416937290778 0.0 -0.12149330975877012 0.0 -2.0784100744736023 0.36974646977805664 -2.0784100744736023 -0.36974646977805664
62 3.080808080808081 -15.311106055831335 0.0 -0.11933466240749871 0.0 -2.087850925512262 0.2961505110029396 -2.087850925512262 -0.2961505110029396
63 3.131313131313131 -15.614529360293186 0.0 -0.11725439644850127 0.0 -2.097885492894142 0.19144720727583514 -2.097885492894142 -0.19144720727583514
64 3.1818181818181817 -15.916772991112088 0.0 -0.115248164048088 0.0 -1.9805444402614232 0.0 -2.236401320374989 0.0
65 3.2323232323232323 -16.21791492385403 0.0 -0.11331194350253354 0.0 -1.8526011754237048 0.0 -2.3865510462829147 0.0
66 3.282828282828283 -16.518025963620843 0.0 -0.11144200836501031 0.0 -1.773372718846648 0.0 -2.4889505714973015 0.0
67 3.3333333333333335 -16.817170592016407 0.0 -0.10963490009794825 0.0 -1.711320116247828 0.0 -2.5750778272342396 0.0
68 3.3838383838383836 -17.115407692294287 0.0 -0.107887403780592 0.0 -1.658928490360949 0.0 -2.6523920224272017 0.0
69 3.4343434343434343 -17.412791173231867 0.0 -0.10619652647298226 0.0 -1.6129709074951661 0.0 -2.7240691749296233 0.0
70 3.484848484848485 -17.709370508323314 0.0 -0.10455947789703642 0.0 -1.5717110350809778 0.0 -2.7917989340949294 0.0
71 3.5353535353535355 -18.005191203780992 0.0 -0.10297365314478742 0.0 -1.5340873727531006 0.0 -2.8565998989839834 0.0
72 3.5858585858585856 -18.30029520638086 0.0 -0.1014366171652565 0.0 -1.4993943588824987 0.0 -2.919138119500874 0.0
73 3.6363636363636362 -18.59472126023238 0.0 -0.09994609081622641 0.0 -1.4671342552681952 0.0 -2.979874868879308 0.0
74 3.686868686868687 -18.888505219987056 0.0 -0.09849993829648701 0.0 -1.436939880579866 0.0 -3.039143609599315 0.0
75 3.7373737373737375 -19.18168032673514 0.0 -0.09709615579888552 0.0 -1.408530753684168 0.0 -3.0971935855111523 0.0
76 3.7878787878787876 -19.474277451814235 0.0 -0.09573286124568048 0.0 -1.3816865428593519 0.0 -3.154216139076667 0.0
77 3.8383838383838382 -19.766325312917047 0.0 -0.09440828498558297 0.0 -1.3562301502892686 0.0 -3.210361420070655 0.0
78 3.888888888888889 -20.05785066619772 0.0 -0.09312076134718728 0.0 -1.3320164783133701 0.0 -3.26574943567088 0.0
79 3.9393939393939394 -20.348878477511963 0.0 -0.09186872095673258 0.0 -1.3089247070497845 0.0 -3.3204776092772654 0.0
80 3.9898989898989896 -20.63943207545546 0.0 -0.0906506837393931 0.0 -1.2868528286424767 0.0 -3.3746261002250484 0.0
81 4.040404040404041 -20.929533288476144 0.0 -0.08946525253302227 0.0 -1.2657136806506515 0.0 -3.4282616396691843 0.0
82 4.090909090909091 -21.21920256800983 0.0 -0.08831110725179372 0.0 -1.2454320041598503 0.0 -3.4814403551741133 0.0
83 4.141414141414141 -21.508459099314834 0.0 -0.08718699954437634 0.0 -1.2259422199115513 0.0 -3.534209889091429 0.0
84 4.191919191919192 -21.797320901450874 0.0 -0.08609174789775755 0.0 -1.2071867186230596 0.0 -3.5866110131571363 0.0
85 4.242424242424242 -22.085804917653206 0.0 -0.08502423314322852 0.0 -1.189114526707011 0.0 -3.6386788768920106 0.0
86 4.292929292929293 -22.373927097187362 0.0 -0.08398339432602503 0.0 -1.171680250826249 0.0 -3.6904439853224003 0.0
87 4.343434343434343 -22.66170246962932 0.0 -0.08296822490416934 0.0 -1.1548432327922402 0.0 -3.74193297360295 0.0
88 4.393939393939394 -22.94914521239495 0.0 -0.08197776924599234 0.0 -1.1385668653771344 0.0 -3.7931692271771773 0.0
89 4.444444444444445 -23.23626871224178 0.0 -0.08101111939876528 0.0 -1.122818032802666 0.0 -3.844173383018679 0.0
90 4.494949494949495 -23.523085621374268 0.0 -0.08006741210415146 0.0 -1.1075666489588298 0.0 -3.8949637382912847 0.0
91 4.545454545454545 -23.809607908710966 0.0 -0.07914582603820468 0.0 -1.0927852730505874 0.0 -3.9455565861953326 0.0
92 4.595959595959596 -24.09584690680393 0.0 -0.07824557925646958 0.0 -1.0784487871931043 0.0 -3.995966494008271 0.0
93 4.646464646464646 -24.381813354842905 0.0 -0.07736592682614286 0.0 -1.0645341240219541 0.0 -4.046206534837329 0.0
94 4.696969696969697 -24.667517438130897 0.0 -0.07650615862948866 0.0 -1.0510200350240655 0.0 -4.096288482010508 0.0
95 4.747474747474747 -24.952968824368853 0.0 -0.07566559732394827 0.0 -1.0378868922819209 0.0 -4.146222973086813 0.0
96 4.797979797979798 -25.238176697055263 0.0 -0.07484359644588005 0.0 -1.0251165178349282 0.0 -4.196019648992101 0.0
97 4.848484848484849 -25.52314978626847 0.0 -0.07403953864626138 0.0 -1.012692036022454 0.0 -4.2456872726576504 0.0
98 4.898989898989899 -25.807896397074057 0.0 -0.07325283404747518 0.0 -1.0005977450730792 0.0 -4.295233830666795 0.0
99 4.94949494949495 -26.09242443577271 0.0 -0.07248291871152748 0.0 -0.9888190049077764 0.0 -4.344666620736011 0.0
100 5.0 -26.376741434180477 0.0 -0.07172925321099106 0.0 -0.977342138679015 0.0 -4.393992327324174 0.0
