0.0 0.0 0.0 4.784884627191768 0.0 4.784884627191768
0.0 0.0 0.0 -4.784884627191768 0.0 4.784884627191768
0.0 0.0 0.0 0.5957173024714628 0.0 4.784884627191768
0.0 0.0 0.0 -0.5957173024714628 0.0 4.784884627191768
0.050505050505050504 -0.13550857105046682 0.050505050505050504 4.782869428575557 -0.025197515582839294 0.595196123044837
0.050505050505050504 -0.13550857105046682 0.050505050505050504 -4.782869428575557 -0.025197515582839294 0.595196123044837
0.050505050505050504 -0.025197515582839294 0.050505050505050504 0.595196123044837 -0.025197515582839294 0.595196123044837
0.050505050505050504 -0.025197515582839294 0.050505050505050504 -0.595196123044837 -0.025197515582839294 0.595196123044837
0.10101010101010101 -0.2710114846192093 0.10101010101010101 4.7768185212539676 -0.05040068864740399 0.5936294311261082
0.10101010101010101 -0.2710114846192093 0.10101010101010101 -4.7768185212539676 -0.05040068864740399 0.5936294311261082
0.10101010101010101 -0.05040068864740399 0.10101010101010101 0.5936294311261082 -0.05040068864740399 0.5936294311261082
0.10101010101010101 -0.05040068864740399 0.10101010101010101 -0.5936294311261082 -0.05040068864740399 0.5936294311261082
0.15151515151515152 -0.4065030266467158 0.15151515151515152 4.766715900282306 -0.07561523325320288 0.5910076757574056
0.15151515151515152 -0.4065030266467158 0.15151515151515152 -4.766715900282306 -0.07561523325320288 0.5910076757574056
0.15151515151515152 -0.07561523325320288 0.15151515151515152 0.5910076757574056 -0.07561523325320288 0.5910076757574056
0.15151515151515152 -0.07561523325320288 0.15151515151515152 -0.5910076757574056 -0.07561523325320288 0.5910076757574056
0.20202020202020202 -0.5419773686583996 0.20202020202020202 4.752534653478624 -0.1008469778748247 0.5873146326279038
0.20202020202020202 -0.5419773686583996 0.20202020202020202 -4.752534653478624 -0.1008469778748247 0.5873146326279038
0.20202020202020202 -0.1008469778748247 0.20202020202020202 0.5873146326279038 -0.1008469778748247 0.5873146326279038
0.20202020202020202 -0.1008469778748247 0.20202020202020202 -0.5873146326279038 -0.1008469778748247 0.5873146326279038
0.25252525252525254 -0.6774285073577104 0.25252525252525254 4.734236597732004 -0.12610192580882063 0.5825269236126481
0.25252525252525254 -0.6774285073577104 0.25252525252525254 -4.734236597732004 -0.12610192580882063 0.5825269236126481
0.25252525252525254 -0.12610192580882063 0.25252525252525254 0.5825269236126481 -0.12610192580882063 0.5825269236126481
0.25252525252525254 -0.12610192580882063 0.25252525252525254 -0.5825269236126481 -0.12610192580882063 0.5825269236126481
0.30303030303030304 -0.8128502002352074 0.30303030303030304 4.711771753821143 -0.15138631956462834 0.5766132986748804
0.30303030303030304 -0.8128502002352074 0.30303030303030304 -4.711771753821143 -0.15138631956462834 0.5766132986748804
0.30303030303030304 -0.15138631956462834 0.30303030303030304 0.5766132986748804 -0.15138631956462834 0.5766132986748804
0.30303030303030304 -0.15138631956462834 0.30303030303030304 -0.5766132986748804 -0.15138631956462834 0.5766132986748804
0.35353535353535354 -0.948235895614107 0.35353535353535354 4.68507764263493 -0.17670671081903674 0.5695336279110711
0.35353535353535354 -0.948235895614107 0.35353535353535354 -4.68507764263493 -0.17670671081903674 0.5695336279110711
0.35353535353535354 -0.17670671081903674 0.35353535353535354 0.5695336279110711 -0.17670671081903674 0.5695336279110711
0.35353535353535354 -0.17670671081903674 0.35353535353535354 -0.5695336279110711 -0.17670671081903674 0.5695336279110711
0.40404040404040403 -1.083578655316231 0.40404040404040403 4.65407837912225 -0.20207003775021845 0.5612375254015272
0.40404040404040403 -1.083578655316231 0.40404040404040403 -4.65407837912225 -0.20207003775021845 0.5612375254015272
0.40404040404040403 -0.20207003775021845 0.40404040404040403 0.5612375254015272 -0.20207003775021845 0.5612375254015272
0.40404040404040403 -0.20207003775021845 0.40404040404040403 -0.5612375254015272 -0.20207003775021845 0.5612375254015272
0.45454545454545453 -1.218871067807873 0.45454545454545453 4.618683532266732 -0.22748371189188224 0.5516624888483309
0.45454545454545453 -1.218871067807873 0.45454545454545453 -4.618683532266732 -0.22748371189188224 0.5516624888483309
0.45454545454545453 -0.22748371189188224 0.45454545454545453 0.5516624888483309 -0.22748371189188224 0.5516624888483309
0.45454545454545453 -0.22748371189188224 0.45454545454545453 -0.5516624888483309 -0.22748371189188224 0.5516624888483309
0.5050505050505051 -1.3541051492493845 0.5050505050505051 4.578786709287508 -0.2529557170836768 0.5407313824272008
0.5050505050505051 -1.3541051492493845 0.5050505050505051 -4.578786709287508 -0.2529557170836768 0.5407313824272008
0.5050505050505051 -0.2529557170836768 0.5050505050505051 0.5407313824272008 -0.2529557170836768 0.5407313824272008
0.5050505050505051 -0.2529557170836768 0.5050505050505051 -0.5407313824272008 -0.2529557170836768 0.5407313824272008
0.5555555555555556 -1.4892722292929936 0.5555555555555556 4.534263809297648 -0.2784947236733739 0.5283490023592615
0.5555555555555556 -1.4892722292929936 0.5555555555555556 -4.534263809297648 -0.2784947236733739 0.5283490023592615
0.5555555555555556 -0.2784947236733739 0.5555555555555556 0.5283490023592615 -0.2784947236733739 0.5283490023592615
0.5555555555555556 -0.2784947236733739 0.5555555555555556 -0.5283490023592615 -0.2784947236733739 0.5283490023592615
0.6060606060606061 -1.6243628177041416 0.6060606060606061 4.484970874670787 -0.30411022189553005 0.5143973232074317
0.6060606060606061 -1.6243628177041416 0.6060606060606061 -4.484970874670787 -0.30411022189553005 0.5143973232074317
0.6060606060606061 -0.30411022189553005 0.6060606060606061 0.5143973232074317 -0.30411022189553005 0.5143973232074317
0.6060606060606061 -0.30411022189553005 0.6060606060606061 -0.5143973232074317 -0.30411022189553005 0.5143973232074317
0.6565656565656566 -1.7593664468583297 0.6565656565656566 4.430741445754541 -0.32981267937465186 0.4987287866289582
0.6565656565656566 -1.7593664468583297 0.6565656565656566 -4.430741445754541 -0.32981267937465186 0.4987287866289582
0.6565656565656566 -0.32981267937465186 0.6565656565656566 0.4987287866289582 -0.32981267937465186 0.4987287866289582
0.6565656565656566 -0.32981267937465186 0.6565656565656566 -0.4987287866289582 -0.32981267937465186 0.4987287866289582
0.7070707070707071 -1.8942714837961918 0.7070707070707071 4.371383293976178 -0.35561372907009264 0.4811565832565603
0.7070707070707071 -1.8942714837961918 0.7070707070707071 -4.371383293976178 -0.35561372907009264 0.4811565832565603
0.7070707070707071 -0.35561372907009264 0.7070707070707071 0.4811565832565603 -0.35561372907009264 0.4811565832565603
0.7070707070707071 -0.35561372907009264 0.7070707070707071 -0.4811565832565603 -0.35561372907009264 0.4811565832565603
0.7575757575757576 -2.029064903673693 0.7575757575757576 4.3066743663377975 -0.38152639582589887 0.46144012856201017
0.7575757575757576 -2.029064903673693 0.7575757575757576 -4.3066743663377975 -0.38152639582589887 0.46144012856201017
0.7575757575757576 -0.38152639582589887 0.7575757575757576 0.46144012856201017 -0.38152639582589887 0.46144012856201017
0.7575757575757576 -0.38152639582589887 0.7575757575757576 -0.46144012856201017 -0.38152639582589887 0.46144012856201017
0.8080808080808081 -2.163732013931366 0.8080808080808081 4.236357715568267 -0.4075653722015345 0.4392624870727846
0.8080808080808081 -2.163732013931366 0.8080808080808081 -4.236357715568267 -0.4075653722015345 0.4392624870727846
0.8080808080808081 -0.4075653722015345 0.8080808080808081 0.4392624870727846 -0.4075653722015345 0.4392624870727846
0.8080808080808081 -0.4075653722015345 0.8080808080808081 -0.4392624870727846 -0.4075653722015345 0.4392624870727846
0.8585858585858586 -2.298256115048548 0.8585858585858586 4.160135106766065 -0.43374735771765593 0.4141935133997663
0.8585858585858586 -2.298256115048548 0.8585858585858586 -4.160135106766065 -0.43374735771765593 0.4141935133997663
0.8585858585858586 -0.43374735771765593 0.8585858585858586 0.4141935133997663 -0.43374735771765593 0.4141935133997663
0.8585858585858586 -0.43374735771765593 0.8585858585858586 -0.4141935133997663 -0.43374735771765593 0.4141935133997663
0.9090909090909091 -2.4326180789286243 0.9090909090909091 4.0776588706606 -0.4600914804708879 0.3856257742050024
0.9090909090909091 -2.4326180789286243 0.9090909090909091 -4.0776588706606 -0.4600914804708879 0.3856257742050024
0.9090909090909091 -0.4600914804708879 0.9090909090909091 0.3856257742050024 -0.4600914804708879 0.3856257742050024
0.9090909090909091 -0.4600914804708879 0.9090909090909091 -0.3856257742050024 -0.4600914804708879 0.3856257742050024
0.9595959595959596 -2.566795819149474 0.9595959595959596 3.988521395484033 -0.4866198268833408 0.35265354722977377
0.9595959595959596 -2.566795819149474 0.9595959595959596 -3.988521395484033 -0.4866198268833408 0.35265354722977377
0.9595959595959596 -0.4866198268833408 0.9595959595959596 0.35265354722977377 -0.4866198268833408 0.35265354722977377
0.9595959595959596 -0.4866198268833408 0.9595959595959596 -0.35265354722977377 -0.4866198268833408 0.35265354722977377
1.0101010101010102 -2.7007636175354044 1.0101010101010102 3.8922413807286396 -0.513358115130724 0.31381672128666116
1.0101010101010102 -2.7007636175354044 1.0101010101010102 -3.8922413807286396 -0.513358115130724 0.31381672128666116
1.0101010101010102 -0.513358115130724 1.0101010101010102 0.31381672128666116 -0.513358115130724 0.31381672128666116
1.0101010101010102 -0.513358115130724 1.0101010101010102 -0.31381672128666116 -0.513358115130724 0.31381672128666116
1.0606060606060606 -2.834491257226523 1.0606060606060606 3.788245560676558 -0.5403365620729079 0.266458850026737
1.0606060606060606 -2.834491257226523 1.0606060606060606 -3.788245560676558 -0.5403365620729079 0.266458850026737
1.0606060606060606 -0.5403365620729079 1.0606060606060606 0.266458850026737 -0.5403365620729079 0.266458850026737
1.0606060606060606 -0.5403365620729079 1.0606060606060606 -0.266458850026737 -0.5403365620729079 0.266458850026737
1.1111111111111112 -2.967942891164041 1.1111111111111112 3.6758439455663408 -0.5675910147686973 0.2045858237353115
1.1111111111111112 -2.967942891164041 1.1111111111111112 -3.6758439455663408 -0.5675910147686973 0.2045858237353115
1.1111111111111112 -0.5675910147686973 1.1111111111111112 0.2045858237353115 -0.5675910147686973 0.2045858237353115
1.1111111111111112 -0.5675910147686973 1.1111111111111112 -0.2045858237353115 -0.5675910147686973 0.2045858237353115
1.1616161616161615 -3.1010755425813548 1.1616161616161615 3.5541955462469113 -0.595164449984684 0.10471213736021621
1.1616161616161615 -3.1010755425813548 1.1616161616161615 -3.5541955462469113 -0.595164449984684 0.10471213736021621
1.1616161616161615 -0.595164449984684 1.1616161616161615 0.10471213736021621 -0.595164449984684 0.10471213736021621
1.1616161616161615 -0.595164449984684 1.1616161616161615 -0.10471213736021621 -0.595164449984684 0.10471213736021621
1.2121212121212122 -3.233837083737351 1.2121212121212122 3.4222597095814837 -0.47555776105277175 0.0
1.2121212121212122 -3.233837083737351 1.2121212121212122 -3.4222597095814837 -0.47555776105277175 0.0
1.2121212121212122 -0.47555776105277175 1.2121212121212122 0.0 -0.47555776105277175 0.0
1.2121212121212122 -0.7706602298712237 1.2121212121212122 0.0 -0.47555776105277175 0.0
1.2626262626262625 -3.3661634585523244 1.2626262626262625 3.278724934791544 -0.41384256595056795 0.0
1.2626262626262625 -3.3661634585523244 1.2626262626262625 -3.278724934791544 -0.41384256595056795 0.0
1.2626262626262625 -0.41384256595056795 1.2626262626262625 0.0 -0.41384256595056795 0.0
1.2626262626262625 -0.8891348486101023 1.2626262626262625 0.0 -0.41384256595056795 0.0
1.3131313131313131 -3.4979747818551203 1.3131313131313131 3.1219009809202865 -0.3749286664790424 0.0
1.3131313131313131 -3.4979747818551203 1.3131313131313131 -3.1219009809202865 -0.3749286664790424 0.0
1.3131313131313131 -0.3749286664790424 1.3131313131313131 0.0 -0.3749286664790424 0.0
1.3131313131313131 -0.9858382747426415 1.3131313131313131 0.0 -0.3749286664790424 0.0
1.3636363636363635 -3.629169720719597 1.3636363636363635 2.9495481186041945 -0.34595933636092857 0.0
1.3636363636363635 -3.629169720719597 1.3636363636363635 -2.9495481186041945 -0.34595933636092857 0.0
1.3636363636363635 -0.34595933636092857 1.3636363636363635 0.0 -0.34595933636092857 0.0
1.3636363636363635 -1.0738299003984113 1.3636363636363635 0.0 -0.34595933636092857 0.0
1.4141414141414141 -3.7596171588352476 1.4141414141414141 2.7585920318664665 -0.32281643481131406 0.0
1.4141414141414141 -3.7596171588352476 1.4141414141414141 -2.7585920318664665 -0.32281643481131406 0.0
1.4141414141414141 -0.32281643481131406 1.4141414141414141 0.0 -0.32281643481131406 0.0
1.4141414141414141 -1.1574900989833359 1.4141414141414141 0.0 -0.32281643481131406 0.0
1.4646464646464645 -3.889143389326848 1.4646464646464645 2.5446140793901746 -0.30356604829989964 0.0
1.4646464646464645 -3.889143389326848 1.4646464646464645 -2.5446140793901746 -0.30356604829989964 0.0
1.4646464646464645 -0.30356604829989964 1.4646464646464645 0.0 -0.30356604829989964 0.0
1.4646464646464645 -1.2391001977781668 1.4646464646464645 0.0 -0.30356604829989964 0.0
1.5151515151515151 -4.017511587347375 1.5151515151515151 2.300853303701638 -0.2871226478268046 0.0
1.5151515151515151 -4.017511587347375 1.5151515151515151 -2.300853303701638 -0.2871226478268046 0.0
1.5151515151515151 -0.2871226478268046 1.5151515151515151 0.0 -0.2871226478268046 0.0
1.5151515151515151 -1.3202193754768166 1.5151515151515151 0.0 -0.2871226478268046 0.0
1.5656565656565655 -4.144387146358523 1.5656565656565655 2.0159873190404567 -0.27280819993624533 0.0
1.5656565656565655 -4.144387146358523 1.5656565656565655 -2.0159873190404567 -0.27280819993624533 0.0
1.5656565656565655 -0.27280819993624533 1.5656565656565655 0.0 -0.27280819993624533 0.0
1.5656565656565655 -1.4021948786116911 1.5656565656565655 0.0 -0.27280819993624533 0.0
1.6161616161616161 -4.269275138886058 1.6161616161616161 1.6681374808885967 -0.2601676152890322 0.0
1.6161616161616161 -4.269275138886058 1.6161616161616161 -1.6681374808885967 -0.2601676152890322 0.0
1.6161616161616161 -0.2601676152890322 1.6161616161616161 0.0 -0.2601676152890322 0.0
1.6161616161616161 -1.4864716514704583 1.6161616161616161 0.0 -0.2601676152890322 0.0
1.6666666666666667 -4.391397228443385 1.6666666666666667 1.201843665261325 -0.2488791530634793 0.0
1.6666666666666667 -4.391397228443385 1.6666666666666667 -1.201843665261325 -0.2488791530634793 0.0
1.6666666666666667 -0.2488791530634793 1.6666666666666667 0.0 -0.2488791530634793 0.0
1.6666666666666667 -1.574928107847946 1.6666666666666667 0.0 -0.2488791530634793 0.0
1.7171717171717171 -4.5094184211875366 1.7171717171717171 0.2030540953934243 -0.2387062100779643 0.0
1.7171717171717171 -4.5094184211875366 1.7171717171717171 -0.2030540953934243 -0.2387062100779643 0.0
1.7171717171717171 -0.2387062100779643 1.7171717171717171 0.0 -0.2387062100779643 0.0
1.7171717171717171 -1.6704708386117835 1.7171717171717171 0.0 -0.2387062100779643 0.0
1.7676767676767677 -5.8217374159701505 1.7676767676767677 0.0 -0.229469326209864 0.0
1.7676767676767677 -0.229469326209864 1.7676767676767677 0.0 -0.229469326209864 0.0
1.7676767676767677 -1.7785152258504122 1.7676767676767677 0.0 -0.229469326209864 0.0
1.7676767676767677 -3.419704096301015 1.7676767676767677 0.0 -0.229469326209864 0.0
1.8181818181818181 -6.463367805281522 1.8181818181818181 0.0 -0.22102894339655535 0.0
1.8181818181818181 -0.22102894339655535 1.8181818181818181 0.0 -0.22102894339655535 0.0
1.8181818181818181 -1.9122716468509453 1.8181818181818181 0.0 -0.22102894339655535 0.0
1.8181818181818181 -2.9741698420690112 1.8181818181818181 0.0 -0.22102894339655535 0.0
1.8686868686868687 -6.992256444751632 1.8686868686868687 0.0 -0.21327427697907714 0.0
1.8686868686868687 -0.21327427697907714 1.8686868686868687 0.0 -0.21327427697907714 0.0
1.8686868686868687 -2.1361077347661865 1.8686868686868687 0.0 -0.21327427697907714 0.0
1.8686868686868687 -2.550611954367761 1.8686868686868687 0.0 -0.21327427697907714 0.0
1.9191919191919191 -7.464767334824589 1.9191919191919191 0.0 -0.20611585132452853 0.0
1.9191919191919191 -0.20611585132452853 1.9191919191919191 0.0 -0.20611585132452853 0.0
1.9191919191919191 -2.2713896989910776 1.9191919191919191 0.34862583417211307 -0.20611585132452853 0.0
1.9191919191919191 -2.2713896989910776 1.9191919191919191 -0.34862583417211307 -0.20611585132452853 0.0
1.9696969696969697 -7.902227508955765 1.9696969696969697 0.0 -0.19948033043127353 0.0
1.9696969696969697 -0.19948033043127353 1.9696969696969697 0.0 -0.19948033043127353 0.0
1.9696969696969697 -2.216683459005421 1.9696969696969697 0.49057388391726503 -0.19948033043127353 0.0
1.9696969696969697 -2.216683459005421 1.9696969696969697 -0.49057388391726503 -0.19948033043127353 0.0
2.0202020202020203 -8.315400255149035 2.0202020202020203 0.0 -0.1933068395825369 0.0
2.0202020202020203 -0.1933068395825369 2.0202020202020203 0.0 -0.1933068395825369 0.0
2.0202020202020203 -2.173889917966461 2.0202020202020203 0.5734760301751052 -0.1933068395825369 0.0
2.0202020202020203 -2.173889917966461 2.0202020202020203 -0.5734760301751052 -0.1933068395825369 0.0
2.0707070707070705 -8.710593446620733 2.0707070707070705 0.0 -0.1875442864096974 0.0
2.0707070707070705 -0.1875442864096974 2.0707070707070705 0.0 -0.1875442864096974 0.0
2.0707070707070705 -2.1398806854503376 2.0707070707070705 0.6281093380049956 -0.1875442864096974 0.0
2.0707070707070705 -2.1398806854503376 2.0707070707070705 -0.6281093380049956 -0.1875442864096974 0.0
2.121212121212121 -9.09186663013572 2.121212121212121 0.0 -0.18214937006380374 0.0
2.121212121212121 -0.18214937006380374 2.121212121212121 0.0 -0.18214937006380374 0.0
2.121212121212121 -2.112647638499098 2.121212121212121 0.6655001785110444 -0.18214937006380374 0.0
2.121212121212121 -2.112647638499098 2.121212121212121 -0.6655001785110444 -0.18214937006380374 0.0
2.1717171717171717 -9.462006870017747 2.1717171717171717 0.0 -0.17708507536587895 0.0
2.1717171717171717 -0.17708507536587895 2.1717171717171717 0.0 -0.17708507536587895 0.0
2.1717171717171717 -2.0908157525403497 2.1717171717171717 0.6910543391875154 -0.17708507536587895 0.0
2.1717171717171717 -2.0908157525403497 2.1717171717171717 -0.6910543391875154 -0.17708507536587895 0.0
2.2222222222222223 -9.823020678959745 2.2222222222222223 0.0 -0.17231951586484343 0.0
2.2222222222222223 -0.17231951586484343 2.2222222222222223 0.0 -0.17231951586484343 0.0
2.2222222222222223 -2.073397714453182 2.2222222222222223 0.7078493797414487 -0.17231951586484343 0.0
2.2222222222222223 -2.073397714453182 2.2222222222222223 -0.7078493797414487 -0.17231951586484343 0.0
2.2727272727272725 -10.176406226159592 2.2727272727272725 0.0 -0.16782503251940525 0.0
2.2727272727272725 -0.16782503251940525 2.2727272727272725 0.0 -0.16782503251940525 0.0
2.2727272727272725 -2.059658269159282 2.2727272727272725 0.7177990591881456 -0.16782503251940525 0.0
2.2727272727272725 -2.059658269159282 2.2727272727272725 -0.7177990591881456 -0.16782503251940525 0.0
2.323232323232323 -10.523314890630422 2.323232323232323 0.0 -0.16357748272612027 0.0
2.323232323232323 -0.16357748272612027 2.323232323232323 0.0 -0.16357748272612027 0.0
2.323232323232323 -2.0490337984538134 2.323232323232323 0.7221619795557587 -0.16357748272612027 0.0
2.323232323232323 -2.0490337984538134 2.323232323232323 -0.7221619795557587 -0.16357748272612027 0.0
2.3737373737373737 -10.864652536501692 2.3737373737373737 0.0 -0.15955567316676367 0.0
2.3737373737373737 -0.15955567316676367 2.3737373737373737 0.0 -0.15955567316676367 0.0
2.3737373737373737 -2.0410819669311566 2.3737373737373737 0.7217949151763665 -0.15955567316676367 0.0
2.3737373737373737 -2.0410819669311566 2.3737373737373737 -0.7217949151763665 -0.15955567316676367 0.0
2.4242424242424243 -11.20114585978994 2.4242424242424243 0.0 -0.15574090276051428 0.0
2.4242424242424243 -0.15574090276051428 2.4242424242424243 0.0 -0.15574090276051428 0.0
2.4242424242424243 -2.0354487771234746 2.4242424242424243 0.7172906102190818 -0.15574090276051428 0.0
2.4242424242424243 -2.0354487771234746 2.4242424242424243 -0.7172906102190818 -0.15574090276051428 0.0
2.474747474747475 -11.533387457586558 2.474747474747475 0.0 -0.15211659092254887 0.0
2.474747474747475 -0.15211659092254887 2.474747474747475 0.0 -0.15211659092254887 0.0
2.474747474747475 -2.031846220777447 2.474747474747475 0.7090572575151189 -0.15211659092254887 0.0
2.474747474747475 -2.031846220777447 2.474747474747475 -0.7090572575151189 -0.15211659092254887 0.0
2.525252525252525 -11.861867387898808 2.525252525252525 0.0 -0.14866797263943254 0.0
2.525252525252525 -0.14866797263943254 2.525252525252525 0.0 -0.14866797263943254 0.0
2.525252525252525 -2.030036651396192 2.525252525252525 0.6973657789262863 -0.14866797263943254 0.0
2.525252525252525 -2.030036651396192 2.525252525252525 -0.6973657789262863 -0.14866797263943254 0.0
2.5757575757575757 -12.186995848198283 2.5757575757575757 0.0 -0.14538184640323645 0.0
2.5757575757575757 -0.14538184640323645 2.5757575757575757 0.0 -0.14538184640323645 0.0
2.5757575757575757 -2.0298215709978624 2.5757575757575757 0.6823777138541094 -0.14538184640323645 0.0
2.5757575757575757 -2.0298215709978624 2.5757575757575757 -0.6823777138541094 -0.14538184640323645 0.0
2.6262626262626263 -12.509119838896423 2.6262626262626263 0.0 -0.14224636434699053 0.0
2.6262626262626263 -0.14224636434699053 2.6262626262626263 0.0 -0.14224636434699053 0.0
2.6262626262626263 -2.0310334033102184 2.6262626262626263 0.664160142058306 -0.14224636434699053 0.0
2.6262626262626263 -2.0310334033102184 2.6262626262626263 -0.664160142058306 -0.14224636434699053 0.0
2.676767676767677 -12.828535646805582 2.676767676767677 0.0 -0.139250856358286 0.0
2.676767676767677 -0.139250856358286 2.676767676767677 0.0 -0.139250856358286 0.0
2.676767676767677 -2.0335293399832928 2.676767676767677 0.6426905694668222 -0.139250856358286 0.0
2.676767676767677 -2.0335293399832928 2.676767676767677 -0.6426905694668222 -0.139250856358286 0.0
2.727272727272727 -13.145498357804064 2.727272727272727 0.0 -0.1363856817648902 0.0
2.727272727272727 -0.1363856817648902 2.727272727272727 0.0 -0.1363856817648902 0.0
2.727272727272727 -2.0371866584140577 2.727272727272727 0.6178523122191087 -0.1363856817648902 0.0
2.727272727272727 -2.0371866584140577 2.727272727272727 -0.6178523122191087 -0.1363856817648902 0.0
2.7777777777777777 -13.460229215890607 2.7777777777777777 0.0 -0.13364210355656342 0.0
2.7777777777777777 -0.13364210355656342 2.7777777777777777 0.0 -0.13364210355656342 0.0
2.7777777777777777 -2.041899105108267 2.7777777777777777 0.5894185669802523 -0.13364210355656342 0.0
2.7777777777777777 -2.041899105108267 2.7777777777777777 -0.5894185669802523 -0.13364210355656342 0.0
2.8282828282828283 -13.77292139333257 2.8282828282828283 0.0 -0.1310121811517182 0.0
2.8282828282828283 -0.1310121811517182 2.8282828282828283 0.0 -0.1310121811517182 0.0
2.8282828282828283 -2.0475740642230087 2.8282828282828283 0.5570199342574 -0.1310121811517182 0.0
2.8282828282828283 -2.0475740642230087 2.8282828282828283 -0.5570199342574 -0.1310121811517182 0.0
2.878787878787879 -14.083744569961757 2.878787878787879 0.0 -0.12848867852063098 0.0
2.878787878787879 -0.12848867852063098 2.878787878787879 0.0 -0.12848867852063098 0.0
2.878787878787879 -2.0541303138572653 2.878787878787879 0.520083545135489 -0.12848867852063098 0.0
2.878787878787879 -2.0541303138572653 2.878787878787879 -0.520083545135489 -0.12848867852063098 0.0
2.929292929292929 -14.39284860723681 2.929292929292929 0.0 -0.12606498510006162 0.0
2.929292929292929 -0.12606498510006162 2.929292929292929 0.0 -0.12606498510006162 0.0
2.929292929292929 -2.0614962285633256 2.929292929292929 0.4777166058969411 -0.12606498510006162 0.0
2.929292929292929 -2.0614962285633256 2.929292929292929 -0.4777166058969411 -0.12606498510006162 0.0
2.9797979797979797 -14.700366525327764 2.9797979797979797 0.0 -0.12373504742142695 0.0
2.9797979797979797 -0.12373504742142695 2.9797979797979797 0.0 -0.12373504742142695 0.0
2.9797979797979797 -2.069608324990469 2.9797979797979797 0.4284656148570788 -0.12373504742142695 0.0
2.9797979797979797 -2.069608324990469 2.9797979797979797 -0.4284656148570788 -0.12373504742142695 0.0
3.0303030303030303 -15.006416937290778 3.0303030303030303 0.0 -0.12149330975877012 0.0
3.0303030303030303 -0.12149330975877012 3.0303030303030303 0.0 -0.12149330975877012 0.0
3.0303030303030303 -2.0784100744736023 3.0303030303030303 0.36974646977805664 -0.12149330975877012 0.0
3.0303030303030303 -2.0784100744736023 3.0303030303030303 -0.36974646977805664 -0.12149330975877012 0.0
3.080808080808081 -15.311106055831335 3.080808080808081 0.0 -0.11933466240749871 0.0
3.080808080808081 -0.11933466240749871 3.080808080808081 0.0 -0.11933466240749871 0.0
3.080808080808081 -2.087850925512262 3.080808080808081 0.2961505110029396 -0.11933466240749871 0.0
3.080808080808081 -2.087850925512262 3.080808080808081 -0.2961505110029396 -0.11933466240749871 0.0
3.131313131313131 -15.614529360293186 3.131313131313131 0.0 -0.11725439644850127 0.0
3.131313131313131 -0.11725439644850127 3.131313131313131 0.0 -0.11725439644850127 0.0
3.131313131313131 -2.097885492894142 3.131313131313131 0.19144720727583514 -0.11725439644850127 0.0
3.131313131313131 -2.097885492894142 3.131313131313131 -0.19144720727583514 -0.11725439644850127 0.0
3.1818181818181817 -15.916772991112088 3.1818181818181817 0.0 -0.115248164048088 0.0
3.1818181818181817 -0.115248164048088 3.1818181818181817 0.0 -0.115248164048088 0.0
3.1818181818181817 -1.9805444402614232 3.1818181818181817 0.0 -0.115248164048088 0.0
3.1818181818181817 -2.236401320374989 3.1818181818181817 0.0 -0.115248164048088 0.0
3.2323232323232323 -16.21791492385403 3.2323232323232323 0.0 -0.11331194350253354 0.0
3.2323232323232323 -0.11331194350253354 3.2323232323232323 0.0 -0.11331194350253354 0.0
3.2323232323232323 -1.8526011754237048 3.2323232323232323 0.0 -0.11331194350253354 0.0
3.2323232323232323 -2.3865510462829147 3.2323232323232323 0.0 -0.11331194350253354 0.0
3.282828282828283 -16.518025963620843 3.282828282828283 0.0 -0.11144200836501031 0.0
3.282828282828283 -0.11144200836501031 3.282828282828283 0.0 -0.11144200836501031 0.0
3.282828282828283 -1.773372718846648 3.282828282828283 0.0 -0.11144200836501031 0.0
3.282828282828283 -2.4889505714973015 3.282828282828283 0.0 -0.11144200836501031 0.0
3.3333333333333335 -16.817170592016407 3.3333333333333335 0.0 -0.10963490009794825 0.0
3.3333333333333335 -0.10963490009794825 3.3333333333333335 0.0 -0.10963490009794825 0.0
3.3333333333333335 -1.711320116247828 3.3333333333333335 0.0 -0.10963490009794825 0.0
3.3333333333333335 -2.5750778272342396 3.3333333333333335 0.0 -0.10963490009794825 0.0
3.3838383838383836 -17.115407692294287 3.3838383838383836 0.0 -0.107887403780592 0.0
3.3838383838383836 -0.107887403780592 3.3838383838383836 0.0 -0.107887403780592 0.0
3.3838383838383836 -1.658928490360949 3.3838383838383836 0.0 -0.107887403780592 0.0
3.3838383838383836 -2.6523920224272017 3.3838383838383836 0.0 -0.107887403780592 0.0
3.4343434343434343 -17.412791173231867 3.4343434343434343 0.0 -0.10619652647298226 0.0
3.4343434343434343 -0.10619652647298226 3.4343434343434343 0.0 -0.10619652647298226 0.0
3.4343434343434343 -1.6129709074951661 3.4343434343434343 0.0 -0.10619652647298226 0.0
3.4343434343434343 -2.7240691749296233 3.4343434343434343 0.0 -0.10619652647298226 0.0
3.484848484848485 -17.709370508323314 3.484848484848485 0.0 -0.10455947789703642 0.0
3.484848484848485 -0.10455947789703642 3.484848484848485 0.0 -0.10455947789703642 0.0
3.484848484848485 -1.5717110350809778 3.484848484848485 0.0 -0.10455947789703642 0.0
3.484848484848485 -2.7917989340949294 3.484848484848485 0.0 -0.10455947789703642 0.0
3.5353535353535355 -18.005191203780992 3.5353535353535355 0.0 -0.10297365314478742 0.0
3.5353535353535355 -0.10297365314478742 3.5353535353535355 0.0 -0.10297365314478742 0.0
3.5353535353535355 -1.5340873727531006 3.5353535353535355 0.0 -0.10297365314478742 0.0
3.5353535353535355 -2.8565998989839834 3.5353535353535355 0.0 -0.10297365314478742 0.0
3.5858585858585856 -18.30029520638086 3.5858585858585856 0.0 -0.1014366171652565 0.0
3.5858585858585856 -0.1014366171652565 3.5858585858585856 0.0 -0.1014366171652565 0.0
3.5858585858585856 -1.4993943588824987 3.5858585858585856 0.0 -0.1014366171652565 0.0
3.5858585858585856 -2.919138119500874 3.5858585858585856 0.0 -0.1014366171652565 0.0
3.6363636363636362 -18.59472126023238 3.6363636363636362 0.0 -0.09994609081622641 0.0
3.6363636363636362 -0.09994609081622641 3.6363636363636362 0.0 -0.09994609081622641 0.0
3.6363636363636362 -1.4671342552681952 3.6363636363636362 0.0 -0.09994609081622641 0.0
3.6363636363636362 -2.979874868879308 3.6363636363636362 0.0 -0.09994609081622641 0.0
3.686868686868687 -18.888505219987056 3.686868686868687 0.0 -0.09849993829648701 0.0
3.686868686868687 -0.09849993829648701 3.686868686868687 0.0 -0.09849993829648701 0.0
3.686868686868687 -1.436939880579866 3.686868686868687 0.0 -0.09849993829648701 0.0
3.686868686868687 -3.039143609599315 3.686868686868687 0.0 -0.09849993829648701 0.0
3.7373737373737375 -19.18168032673514 3.7373737373737375 0.0 -0.09709615579888552 0.0
3.7373737373737375 -0.09709615579888552 3.7373737373737375 0.0 -0.09709615579888552 0.0
3.7373737373737375 -1.408530753684168 3.7373737373737375 0.0 -0.09709615579888552 0.0
3.7373737373737375 -3.0971935855111523 3.7373737373737375 0.0 -0.09709615579888552 0.0
3.7878787878787876 -19.474277451814235 3.7878787878787876 0.0 -0.09573286124568048 0.0
3.7878787878787876 -0.09573286124568048 3.7878787878787876 0.0 -0.09573286124568048 0.0
3.7878787878787876 -1.3816865428593519 3.7878787878787876 0.0 -0.09573286124568048 0.0
3.7878787878787876 -3.154216139076667 3.7878787878787876 0.0 -0.09573286124568048 0.0
3.8383838383838382 -19.766325312917047 3.8383838383838382 0.0 -0.09440828498558297 0.0
3.8383838383838382 -0.09440828498558297 3.8383838383838382 0.0 -0.09440828498558297 0.0
3.8383838383838382 -1.3562301502892686 3.8383838383838382 0.0 -0.09440828498558297 0.0
3.8383838383838382 -3.210361420070655 3.8383838383838382 0.0 -0.09440828498558297 0.0
3.888888888888889 -20.05785066619772 3.888888888888889 0.0 -0.09312076134718728 0.0
3.888888888888889 -0.09312076134718728 3.888888888888889 0.0 -0.09312076134718728 0.0
3.888888888888889 -1.3320164783133701 3.888888888888889 0.0 -0.09312076134718728 0.0
3.888888888888889 -3.26574943567088 3.888888888888889 0.0 -0.09312076134718728 0.0
3.9393939393939394 -20.348878477511963 3.9393939393939394 0.0 -0.09186872095673258 0.0
3.9393939393939394 -0.09186872095673258 3.9393939393939394 0.0 -0.09186872095673258 0.0
3.9393939393939394 -1.3089247070497845 3.9393939393939394 0.0 -0.09186872095673258 0.0
3.9393939393939394 -3.3204776092772654 3.9393939393939394 0.0 -0.09186872095673258 0.0
3.9898989898989896 -20.63943207545546 3.9898989898989896 0.0 -0.0906506837393931 0.0
3.9898989898989896 -0.0906506837393931 3.9898989898989896 0.0 -0.0906506837393931 0.0
3.9898989898989896 -1.2868528286424767 3.9898989898989896 0.0 -0.0906506837393931 0.0
3.9898989898989896 -3.3746261002250484 3.9898989898989896 0.0 -0.0906506837393931 0.0
4.040404040404041 -20.929533288476144 4.040404040404041 0.0 -0.08946525253302227 0.0
4.040404040404041 -0.08946525253302227 4.040404040404041 0.0 -0.08946525253302227 0.0
4.040404040404041 -1.2657136806506515 4.040404040404041 0.0 -0.08946525253302227 0.0
4.040404040404041 -3.4282616396691843 4.040404040404041 0.0 -0.08946525253302227 0.0
4.090909090909091 -21.21920256800983 4.090909090909091 0.0 -0.08831110725179372 0.0
4.090909090909091 -0.08831110725179372 4.090909090909091 0.0 -0.08831110725179372 0.0
4.090909090909091 -1.2454320041598503 4.090909090909091 0.0 -0.08831110725179372 0.0
4.090909090909091 -3.4814403551741133 4.090909090909091 0.0 -0.08831110725179372 0.0
4.141414141414141 -21.508459099314834 4.141414141414141 0.0 -0.08718699954437634 0.0
4.141414141414141 -0.08718699954437634 4.141414141414141 0.0 -0.08718699954437634 0.0
4.141414141414141 -1.2259422199115513 4.141414141414141 0.0 -0.08718699954437634 0.0
4.141414141414141 -3.534209889091429 4.141414141414141 0.0 -0.08718699954437634 0.0
4.191919191919192 -21.797320901450874 4.191919191919192 0.0 -0.08609174789775755 0.0
4.191919191919192 -0.08609174789775755 4.191919191919192 0.0 -0.08609174789775755 0.0
4.191919191919192 -1.2071867186230596 4.191919191919192 0.0 -0.08609174789775755 0.0
4.191919191919192 -3.5866110131571363 4.191919191919192 0.0 -0.08609174789775755 0.0
4.242424242424242 -22.085804917653206 4.242424242424242 0.0 -0.08502423314322852 0.0
4.242424242424242 -0.08502423314322852 4.242424242424242 0.0 -0.08502423314322852 0.0
4.242424242424242 -1.189114526707011 4.242424242424242 0.0 -0.08502423314322852 0.0
4.242424242424242 -3.6386788768920106 4.242424242424242 0.0 -0.08502423314322852 0.0
4.292929292929293 -22.373927097187362 4.292929292929293 0.0 -0.08398339432602503 0.0
4.292929292929293 -0.08398339432602503 4.292929292929293 0.0 -0.08398339432602503 0.0
4.292929292929293 -1.171680250826249 4.292929292929293 0.0 -0.08398339432602503 0.0
4.292929292929293 -3.6904439853224003 4.292929292929293 0.0 -0.08398339432602503 0.0
4.343434343434343 -22.66170246962932 4.343434343434343 0.0 -0.08296822490416934 0.0
4.343434343434343 -0.08296822490416934 4.343434343434343 0.0 -0.08296822490416934 0.0
4.343434343434343 -1.1548432327922402 4.343434343434343 0.0 -0.08296822490416934 0.0
4.343434343434343 -3.74193297360295 4.343434343434343 0.0 -0.08296822490416934 0.0
4.393939393939394 -22.94914521239495 4.393939393939394 0.0 -0.08197776924599234 0.0
4.393939393939394 -0.08197776924599234 4.393939393939394 0.0 -0.08197776924599234 0.0
4.393939393939394 -1.1385668653771344 4.393939393939394 0.0 -0.08197776924599234 0.0
4.393939393939394 -3.7931692271771773 4.393939393939394 0.0 -0.08197776924599234 0.0
4.444444444444445 -23.23626871224178 4.444444444444445 0.0 -0.08101111939876528 0.0
4.444444444444445 -0.08101111939876528 4.444444444444445 0.0 -0.08101111939876528 0.0
4.444444444444445 -1.122818032802666 4.444444444444445 0.0 -0.08101111939876528 0.0
4.444444444444445 -3.844173383018679 4.444444444444445 0.0 -0.08101111939876528 0.0
4.494949494949495 -23.523085621374268 4.494949494949495 0.0 -0.08006741210415146 0.0
4.494949494949495 -0.08006741210415146 4.494949494949495 0.0 -0.08006741210415146 0.0
4.494949494949495 -1.1075666489588298 4.494949494949495 0.0 -0.08006741210415146 0.0
4.494949494949495 -3.8949637382912847 4.494949494949495 0.0 -0.08006741210415146 0.0
4.545454545454545 -23.809607908710966 4.545454545454545 0.0 -0.07914582603820468 0.0
4.545454545454545 -0.07914582603820468 4.545454545454545 0.0 -0.07914582603820468 0.0
4.545454545454545 -1.0927852730505874 4.545454545454545 0.0 -0.07914582603820468 0.0
4.545454545454545 -3.9455565861953326 4.545454545454545 0.0 -0.07914582603820468 0.0
4.595959595959596 -24.09584690680393 4.595959595959596 0.0 -0.07824557925646958 0.0
4.595959595959596 -0.07824557925646958 4.595959595959596 0.0 -0.07824557925646958 0.0
4.595959595959596 -1.0784487871931043 4.595959595959596 0.0 -0.07824557925646958 0.0
4.595959595959596 -3.995966494008271 4.595959595959596 0.0 -0.07824557925646958 0.0
4.646464646464646 -24.381813354842905 4.646464646464646 0.0 -0.07736592682614286 0.0
4.646464646464646 -0.07736592682614286 4.646464646464646 0.0 -0.07736592682614286 0.0
4.646464646464646 -1.0645341240219541 4.646464646464646 0.0 -0.07736592682614286 0.0
4.646464646464646 -4.046206534837329 4.646464646464646 0.0 -0.07736592682614286 0.0
4.696969696969697 -24.667517438130897 4.696969696969697 0.0 -0.07650615862948866 0.0
4.696969696969697 -0.07650615862948866 4.696969696969697 0.0 -0.07650615862948866 0.0
4.696969696969697 -1.0510200350240655 4.696969696969697 0.0 -0.07650615862948866 0.0
4.696969696969697 -4.096288482010508 4.696969696969697 0.0 -0.07650615862948866 0.0
4.747474747474747 -24.952968824368853 4.747474747474747 0.0 -0.07566559732394827 0.0
4.747474747474747 -0.07566559732394827 4.747474747474747 0.0 -0.07566559732394827 0.0
4.747474747474747 -1.0378868922819209 4.747474747474747 0.0 -0.07566559732394827 0.0
4.747474747474747 -4.146222973086813 4.747474747474747 0.0 -0.07566559732394827 0.0
4.797979797979798 -25.238176697055263 4.797979797979798 0.0 -0.07484359644588005 0.0
4.797979797979798 -0.07484359644588005 4.797979797979798 0.0 -0.07484359644588005 0.0
4.797979797979798 -1.0251165178349282 4.797979797979798 0.0 -0.07484359644588005 0.0
4.797979797979798 -4.196019648992101 4.797979797979798 0.0 -0.07484359644588005 0.0
4.848484848484849 -25.52314978626847 4.848484848484849 0.0 -0.07403953864626138 0.0
4.848484848484849 -0.07403953864626138 4.848484848484849 0.0 -0.07403953864626138 0.0
4.848484848484849 -1.012692036022454 4.848484848484849 0.0 -0.07403953864626138 0.0
4.848484848484849 -4.2456872726576504 4.848484848484849 0.0 -0.07403953864626138 0.0
4.898989898989899 -25.807896397074057 4.898989898989899 0.0 -0.07325283404747518 0.0
4.898989898989899 -0.07325283404747518 4.898989898989899 0.0 -0.07325283404747518 0.0
4.898989898989899 -1.0005977450730792 4.898989898989899 0.0 -0.07325283404747518 0.0
4.898989898989899 -4.295233830666795 4.898989898989899 0.0 -0.07325283404747518 0.0
4.94949494949495 -26.09242443577271 4.94949494949495 0.0 -0.07248291871152748 0.0
4.94949494949495 -0.07248291871152748 4.94949494949495 0.0 -0.07248291871152748 0.0
4.94949494949495 -0.9888190049077764 4.94949494949495 0.0 -0.07248291871152748 0.0
4.94949494949495 -4.344666620736011 4.94949494949495 0.0 -0.07248291871152748 0.0
5.0 -26.376741434180477 5.0 0.0 -0.07172925321099106 0.0
5.0 -0.07172925321099106 5.0 0.0 -0.07172925321099106 0.0
5.0 -0.977342138679015 5.0 0.0 -0.07172925321099106 0.0
5.0 -4.393992327324174 5.0 0.0 -0.07172925321099106 0.0
